# Created by Octave 4.0.3, Tue Oct 18 14:29:33 2016 GMT <unknown@Acer>
# name: X
# type: matrix
# rows: 60
# columns: 3
 -0.4811562217154873 1.570960917976783 0.7613321606762767
 -0.4872610850293921 -0.3394507799521008 -1.353863394533173
 -0.4872610850679032 -0.3394507795592643 -1.353863394617051
 -1.057869223269414 -0.5568817625586676 0.4667137069320506
 0.333960298183942 0.2802258878433003 0.08749700164870164
 -1.173809260166145 0.329557131671727 -0.9120867326924476
 -1.572081766289503 0.2908539896930038 0.826976776095634
 -0.3016453758059991 0.3477108577854969 0.121232553505023
 -0.7710527016529622 0.3129006399815251 0.3671178585570242
 1.229255283716345 1.075377028767729 -0.5911052431437641
 -1.619632933204152 -0.1385512598227009 -0.2136734463386276
 -0.1028730337580611 0.6112468859632691 -0.5137156849934634
 -0.3470105110108229 1.484255725345605 -0.5345473999471405
 -1.619632932462178 -0.1385512602406541 -0.21367344677279
 -0.135758833000868 -0.2927472278281321 -0.7775240880898394
 -0.03835515077802992 0.08630927012889281 -0.5391835019744811
 -0.05800150680355838 -0.3258465449151483 0.2066814510853781
 0.216209435103378 0.5994281219480982 -1.566801534743115
 0.5732340565677919 0.9766023517082278 0.005522238493340693
 -0.8579138116320619 0.359364589060292 0.2050251530262697
 -1.173809260309212 0.3295571318854664 -0.912086732369266
 -0.8579056399473132 1.433789106161719 0.4563413621379554
 -0.326337310384312 -1.365242386674405 -0.5998946633761085
 -1.173809260337971 0.329557131930533 -0.9120867323024786
 0.4176480963308896 -0.8363119272610472 -1.442659423416535
 -0.4872610809589037 -0.3394507794482549 -1.353863395085567
 -0.2455040717846505 -1.095037065333595 -0.1988679580593846
 -0.5970975049538266 0.1617303329460873 -0.3977487901301568
 0.2162094350897666 0.5994281218784808 -1.566801534616615
 -0.4463046890843764 -1.224900257411224 1.153145710853508
 -0.4872610848752522 -0.3394507796837953 -1.353863394610302
 -0.8579056419451526 1.43378910614315 0.4563413595828579
 1.054950841762681 0.1642312678059716 -1.001145567360572
 0.51534263398984 1.371928870648118 -0.3554112322636124
 -1.17380926015164 0.3295571316466422 -0.9120867327290652
 -0.2080481129560351 -0.1224600471573403 -0.02776548786385404
 -1.626550929121441 -0.7003737051910331 0.2513445543958914
 -0.4872610853308327 -0.3394507796286791 -1.353863394574874
 -1.13073076477401 0.3731019212716726 1.08042445197877
 -0.9686778862795573 -0.9261276300827478 -0.6832247713396251
 -1.239504274837446 1.069508897650806 -0.3577437733996917
 -0.4590398651723333 0.08724798011494393 0.1390549638577015
 0.4861189367123783 0.9106860636465032 0.4300223998090493
 0.2293139216425879 -0.4338996609556282 0.1772395511836924
 -0.6548735902191015 1.240342974082786 1.247259729830989
 -0.4872610848035323 -0.3394507796235157 -1.353863394630964
 0.5044603881350384 -0.08436871479171675 -0.3159452393912943
 -1.17380926039375 0.3295571320296253 -0.9120867321583294
 -0.3470105091133165 1.484255726742737 -0.5345473978043281
 -1.173809260051915 0.329557131510122 -0.9120867329376264
 -0.4872610845648962 -0.3394507795867486 -1.353863394665761
 0.2162094353826893 0.5994281219968322 -1.566801534477186
 -0.3470105113007767 1.484255725131248 -0.5345474002752868
 -0.6293200301542654 0.6624157547258184 -0.03263717388966926
 -0.4872610843635419 -0.3394507794676542 -1.353863394713879
 0.03278178522883296 0.452671237443638 -0.2632507754275416
 -0.4872610852795745 -0.3394507794845263 -1.353863394611443
 -1.17380926039058 0.3295571320171885 -0.9120867321715754
 -1.173809260153725 0.32955713165426 -0.912086732712428
 -1.173809260111115 0.3295571315908027 -0.9120867328145089


# name: Theta
# type: matrix
# rows: 8
# columns: 3
 2.92673229795146 -2.683371355732007 -2.335254643789294
 -3.275633426070306 -2.744566920791675 -0.4463773492515027
 -0.8281132419359908 -2.986893898253508 -2.926918790731333
 0.6977874178158475 1.094190994101333 -2.960699149357567
 -1.613736278329427 0.1861377214351648 -1.872347341998908
 -0.543615609115311 2.197361094610267 -3.47789458991511
 -3.505638234834101 0.9931838080943779 -1.364576322204661
 -1.904234112374986 1.47687754610366 -2.093113483546952


