# Created by Octave 4.0.3, Mon Oct 17 21:02:24 2016 GMT <unknown@Acer>
# name: X
# type: matrix
# rows: 60
# columns: 1
 0.1865744305672934
 0.4281278414523139
 0.4281278414523139
 0.2269796116393966
 0.1556100411379016
 0.394822030944821
 0.2333529919670914
 0.2223488483263083
 0.2291368218988894
 0.20813024824514
 0.3443218230127406
 0.2879894396763407
 0.2943628200040354
 0.3443218230127406
 0.3708396599476522
 0.3280832237564145
 0.2044086017128575
 0.378583431688495
 0.1678424193054245
 0.2838531998991718
 0.3948220309448212
 0.2438626120719549
 0.3038036116467471
 0.3948220309448212
 0.3658776406905873
 0.4281278414523138
 0.2553234028898244
 0.3375338494401596
 0.378583431688495
 0.1004592109407857
 0.4281278414523138
 0.2438626120719549
 0.2590450494221069
 0.2321126192423089
 0.394822030944821
 0.2624426324063822
 0.2842677931440582
 0.4281278414523139
 0.1760648104624298
 0.3776276335202333
 0.3439072297678543
 0.2347233833802394
 0.1147704078689649
 0.1464708124461861
 0.126520400698611
 0.4281278414523139
 0.2085448414900264
 0.3948220309448212
 0.2943628200040354
 0.3948220309448212
 0.4281278414523138
 0.3785834316884949
 0.2943628200040354
 0.2866190482631927
 0.4281278414523138
 0.2771684225794476
 0.4281278414523139
 0.3948220309448212
 0.3948220309448212
 0.3948220309448212


# name: Theta
# type: matrix
# rows: 8
# columns: 1
 0.8234739754529108
 1.006807826192424
 0.801309857380673
 0.8167685236064884
 1.0394784192759
 0.9265542726199163
 0.971287907931652
 0.5386737756071898


